FORMAT 1
 fake.rf 1440.00000000 50001.15404757905637823 0.10000 7 
 fake.rf 1440.00000000 50014.81861830284575277 0.10000 7 
 fake.rf 1440.00000000 50029.03953646042035430 0.10000 7 
 fake.rf 1440.00000000 50043.01153760701447482 0.10000 7 
 fake.rf 1440.00000000 50057.04878308377285023 0.10000 7 
 fake.rf 1440.00000000 50070.53449303361750822 0.10000 7 
 fake.rf 1440.00000000 50084.58804786027163303 0.10000 7 
 fake.rf 1440.00000000 50098.83849301561606993 0.10000 7 
 fake.rf 1440.00000000 50112.47329702744554680 0.10000 7 
 fake.rf 1440.00000000 50126.61920112089446278 0.10000 7 
 fake.rf 1440.00000000 50140.52992644259450827 0.10000 7 
 fake.rf 1440.00000000 50154.59268299565431093 0.10000 7 
 fake.rf 1440.00000000 50168.37839926504332411 0.10000 7 
 fake.rf 1440.00000000 50182.43925084471452180 0.10000 7 
 fake.rf 1440.00000000 50196.69357730889114677 0.10000 7 
 fake.rf 1440.00000000 50210.63132817165685040 0.10000 7 
 fake.rf 1440.00000000 50224.40611321247639509 0.10000 7 
 fake.rf 1440.00000000 50238.42227724264419919 0.10000 7 
 fake.rf 1440.00000000 50252.00025496476210662 0.10000 7 
 fake.rf 1440.00000000 50266.27227311263263232 0.10000 7 
 fake.rf 1440.00000000 50279.84026813540009826 0.10000 7 
 fake.rf 1440.00000000 50293.95309953041166651 0.10000 7 
 fake.rf 1440.00000000 50307.84443669731300730 0.10000 7 
 fake.rf 1440.00000000 50322.25084074577009829 0.10000 7 
 fake.rf 1440.00000000 50335.78094958673773363 0.10000 7 
 fake.rf 1440.00000000 50349.90556705915694380 0.10000 7 
 fake.rf 1440.00000000 50363.68657169165751952 0.10000 7 
 fake.rf 1440.00000000 50377.63435786128756178 0.10000 7 
 fake.rf 1440.00000000 50392.18954226922889461 0.10000 7 
 fake.rf 1440.00000000 50405.63087112551307101 0.10000 7 
 fake.rf 1440.00000000 50419.78909536972208372 0.10000 7 
 fake.rf 1440.00000000 50433.96832253519664491 0.10000 7 
 fake.rf 1440.00000000 50447.77911486127801766 0.10000 7 
 fake.rf 1440.00000000 50461.52981664585202282 0.10000 7 
 fake.rf 1440.00000000 50475.71927104445763135 0.10000 7 
 fake.rf 1440.00000000 50489.60553492466263847 0.10000 7 
 fake.rf 1440.00000000 50503.54683934905220255 0.10000 7 
 fake.rf 1440.00000000 50517.82807468221655967 0.10000 7 
 fake.rf 1440.00000000 50531.33634311071149980 0.10000 7 
 fake.rf 1440.00000000 50545.61734433334341077 0.10000 7 
 fake.rf 1440.00000000 50559.41604312045100755 0.10000 7 
 fake.rf 1440.00000000 50573.53992962343498974 0.10000 7 
 fake.rf 1440.00000000 50587.25524670803546456 0.10000 7 
 fake.rf 1440.00000000 50601.54455454924082503 0.10000 7 
 fake.rf 1440.00000000 50615.10085200620089196 0.10000 7 
 fake.rf 1440.00000000 50629.10872170009808002 0.10000 7 
 fake.rf 1440.00000000 50643.37400641332087403 0.10000 7 
 fake.rf 1440.00000000 50657.40998164022535732 0.10000 7 
 fake.rf 1440.00000000 50670.80557475459717054 0.10000 7 
 fake.rf 1440.00000000 50685.35372989528642051 0.10000 7 
 fake.rf 1440.00000000 50699.03328266822573411 0.10000 7 
 fake.rf 1440.00000000 50712.70176358643145065 0.10000 7 
 fake.rf 1440.00000000 50726.73430953193890147 0.10000 7 
 fake.rf 1440.00000000 50741.01009217725694711 0.10000 7 
 fake.rf 1440.00000000 50755.12320323735018945 0.10000 7 
 fake.rf 1440.00000000 50768.72408406610045972 0.10000 7 
 fake.rf 1440.00000000 50782.49604358937759940 0.10000 7 
 fake.rf 1440.00000000 50796.42838533276665913 0.10000 7 
 fake.rf 1440.00000000 50810.68194508712106838 0.10000 7 
 fake.rf 1440.00000000 50824.38064839653899085 0.10000 7 
 fake.rf 1440.00000000 50838.45921176523792795 0.10000 7 
 fake.rf 1440.00000000 50852.90922178617947580 0.10000 7 
 fake.rf 1440.00000000 50866.82537837801160308 0.10000 7 
 fake.rf 1440.00000000 50880.75296010581075379 0.10000 7 
 fake.rf 1440.00000000 50894.32523134496167927 0.10000 7 
 fake.rf 1440.00000000 50908.46906834182682644 0.10000 7 
 fake.rf 1440.00000000 50922.32114005410538482 0.10000 7 
 fake.rf 1440.00000000 50936.53960846218883773 0.10000 7 
 fake.rf 1440.00000000 50950.33624013034167888 0.10000 7 
 fake.rf 1440.00000000 50964.40147300179516776 0.10000 7 
 fake.rf 1440.00000000 50978.27250208218394789 0.10000 7 
 fake.rf 1440.00000000 50991.90605858999233035 0.10000 7 
 fake.rf 1440.00000000 51006.13340407109928520 0.10000 7 
 fake.rf 1440.00000000 51020.42464295872884605 0.10000 7 
 fake.rf 1440.00000000 51034.38573339219745506 0.10000 7 
 fake.rf 1440.00000000 51048.20760232589730521 0.10000 7 
 fake.rf 1440.00000000 51061.87827033411928213 0.10000 7 
 fake.rf 1440.00000000 51076.14287152103312550 0.10000 7 
 fake.rf 1440.00000000 51090.03894177029117785 0.10000 7 
 fake.rf 1440.00000000 51103.81009561795199403 0.10000 7 
 fake.rf 1440.00000000 51117.99441139949434643 0.10000 7 
 fake.rf 1440.00000000 51131.60826051216819721 0.10000 7 
 fake.rf 1440.00000000 51145.75278797403890607 0.10000 7 
 fake.rf 1440.00000000 51160.00787574087435061 0.10000 7 
 fake.rf 1440.00000000 51173.93573358563954301 0.10000 7 
 fake.rf 1440.00000000 51187.56493153999895540 0.10000 7 
 fake.rf 1440.00000000 51201.45912613748904008 0.10000 7 
 fake.rf 1440.00000000 51215.86383624017016558 0.10000 7 
 fake.rf 1440.00000000 51229.46360204520019721 0.10000 7 
 fake.rf 1440.00000000 51243.64958247747440012 0.10000 7 
 fake.rf 1440.00000000 51257.79122192326130758 0.10000 7 
 fake.rf 1440.00000000 51271.50777711726335184 0.10000 7 
 fake.rf 1440.00000000 51285.51532699587954056 0.10000 7 
 fake.rf 1440.00000000 51299.61134910790792318 0.10000 7 
 fake.rf 1440.00000000 51313.29371213227242876 0.10000 7 
 fake.rf 1440.00000000 51327.57842600096872587 0.10000 7 
 fake.rf 1440.00000000 51341.18984447930711923 0.10000 7 
 fake.rf 1440.00000000 51355.42917188982968213 0.10000 7 
 fake.rf 1440.00000000 51369.30391361311735565 0.10000 7 
 fake.rf 1440.00000000 51383.41685655283257361 0.10000 7 
 fake.rf 1440.00000000 51397.09297624048604902 0.10000 7 
 fake.rf 1440.00000000 51410.87697300762874164 0.10000 7 
 fake.rf 1440.00000000 51425.32836522680158708 0.10000 7 
 fake.rf 1440.00000000 51439.27005640848171453 0.10000 7 
 fake.rf 1440.00000000 51452.71685150127088448 0.10000 7 
 fake.rf 1440.00000000 51467.16756021644122399 0.10000 7 
 fake.rf 1440.00000000 51480.96934642188383791 0.10000 7 
 fake.rf 1440.00000000 51494.79170225871191491 0.10000 7 
 fake.rf 1440.00000000 51508.87857156661099012 0.10000 7 
 fake.rf 1440.00000000 51522.61465414824888498 0.10000 7 
 fake.rf 1440.00000000 51536.91305649201343186 0.10000 7 
 fake.rf 1440.00000000 51550.55580098030378622 0.10000 7 
 fake.rf 1440.00000000 51564.61062535405070406 0.10000 7 
 fake.rf 1440.00000000 51578.42511468661476570 0.10000 7 
 fake.rf 1440.00000000 51592.36117290043563699 0.10000 7 
 fake.rf 1440.00000000 51606.38208123639206093 0.10000 7 
 fake.rf 1440.00000000 51620.53066124039054330 0.10000 7 
 fake.rf 1440.00000000 51634.39914018833642118 0.10000 7 
 fake.rf 1440.00000000 51648.19631795457480905 0.10000 7 
 fake.rf 1440.00000000 51662.64955650201960324 0.10000 7 
 fake.rf 1440.00000000 51676.07557526223353506 0.10000 7 
 fake.rf 1440.00000000 51690.05261862890334257 0.10000 7 
 fake.rf 1440.00000000 51704.26063837318493199 0.10000 7 
 fake.rf 1440.00000000 51718.39909972118775627 0.10000 7 
 fake.rf 1440.00000000 51732.51039131602332688 0.10000 7 
 fake.rf 1440.00000000 51746.43900011081303703 0.10000 7 
 fake.rf 1440.00000000 51760.23373471940483626 0.10000 7 
 fake.rf 1440.00000000 51773.99467085570654845 0.10000 7 
 fake.rf 1440.00000000 51788.20083317770550480 0.10000 7 
 fake.rf 1440.00000000 51801.90853553452512514 0.10000 7 
 fake.rf 1440.00000000 51815.82064069873037226 0.10000 7 
 fake.rf 1440.00000000 51829.74114876943890451 0.10000 7 
 fake.rf 1440.00000000 51843.93774063783381578 0.10000 7 
 fake.rf 1440.00000000 51857.67279741847578478 0.10000 7 
 fake.rf 1440.00000000 51871.57322270201455794 0.10000 7 
 fake.rf 1440.00000000 51885.92150247868856283 0.10000 7 
 fake.rf 1440.00000000 51899.47882731847974114 0.10000 7 
 fake.rf 1440.00000000 51913.88593155838189475 0.10000 7 
 fake.rf 1440.00000000 51927.42812656802488291 0.10000 7 
 fake.rf 1440.00000000 51941.77721346551218318 0.10000 7 
 fake.rf 1440.00000000 51955.29195963144384152 0.10000 7 
 fake.rf 1440.00000000 51969.83744976559311723 0.10000 7 
 fake.rf 1440.00000000 51983.20084049781495850 0.10000 7 
 fake.rf 1440.00000000 51997.47530386580507056 0.10000 7 
 fake.rf 1440.00000000 52011.20684262416641275 0.10000 7 
 fake.rf 1440.00000000 52025.21118435287440462 0.10000 7 
 fake.rf 1440.00000000 52039.54478211230417628 0.10000 7 
 fake.rf 1440.00000000 52053.46312692203606787 0.10000 7 
 fake.rf 1440.00000000 52067.37417368271755436 0.10000 7 
 fake.rf 1440.00000000 52081.54317526850744358 0.10000 7 
 fake.rf 1440.00000000 52095.28631802481347535 0.10000 7 
 fake.rf 1440.00000000 52109.32827627840935136 0.10000 7 
 fake.rf 1440.00000000 52122.84588062939767639 0.10000 7 
 fake.rf 1440.00000000 52136.83526919295624324 0.10000 7 
 fake.rf 1440.00000000 52151.05391492576220713 0.10000 7 
 fake.rf 1440.00000000 52164.72103686864133465 0.10000 7 
 fake.rf 1440.00000000 52178.67726032524074142 0.10000 7 
 fake.rf 1440.00000000 52192.72886671889130739 0.10000 7 
 fake.rf 1440.00000000 52206.86181754912089303 0.10000 7 
 fake.rf 1440.00000000 52221.06242939053606378 0.10000 7 
 fake.rf 1440.00000000 52234.85996419598053819 0.10000 7 
 fake.rf 1440.00000000 52248.94324625758005709 0.10000 7 
 fake.rf 1440.00000000 52262.43592552816381058 0.10000 7 
 fake.rf 1440.00000000 52276.46827835017265684 0.10000 7 
 fake.rf 1440.00000000 52290.99150989307558390 0.10000 7 
 fake.rf 1440.00000000 52304.42284051721889426 0.10000 7 
 fake.rf 1440.00000000 52318.84169917582939391 0.10000 7 
 fake.rf 1440.00000000 52332.29381495918994815 0.10000 7 
 fake.rf 1440.00000000 52346.83714258178600787 0.10000 7 
 fake.rf 1440.00000000 52360.16975559487135428 0.10000 7 
 fake.rf 1440.00000000 52374.67585106099299352 0.10000 7 
 fake.rf 1440.00000000 52388.10548425444017795 0.10000 7 
 fake.rf 1440.00000000 52402.02181340783084451 0.10000 7 
 fake.rf 1440.00000000 52416.59619236649742291 0.10000 7 
 fake.rf 1440.00000000 52430.33851496370880696 0.10000 7 
 fake.rf 1440.00000000 52444.02460899713964437 0.10000 7 
 fake.rf 1440.00000000 52457.97488908023712639 0.10000 7 
 fake.rf 1440.00000000 52472.08903546943600915 0.10000 7 
 fake.rf 1440.00000000 52486.39836702556262793 0.10000 7 
 fake.rf 1440.00000000 52500.29791993648595039 0.10000 7 
 fake.rf 1440.00000000 52513.95262736071156340 0.10000 7 
 fake.rf 1440.00000000 52528.04332772271456165 0.10000 7 
 fake.rf 1440.00000000 52542.02306497292797971 0.10000 7 
 fake.rf 1440.00000000 52555.90026950987799026 0.10000 7 
 fake.rf 1440.00000000 52570.01858448095055465 0.10000 7 
 fake.rf 1440.00000000 52583.58852684885574291 0.10000 7 
 fake.rf 1440.00000000 52597.83774606096114113 0.10000 7 
 fake.rf 1440.00000000 52611.95051054082187036 0.10000 7 
 fake.rf 1440.00000000 52625.61028537367548452 0.10000 7 
 fake.rf 1440.00000000 52640.03068150029690386 0.10000 7 
 fake.rf 1440.00000000 52653.71561718880273162 0.10000 7 
 fake.rf 1440.00000000 52667.87781958998143850 0.10000 7 
 fake.rf 1440.00000000 52681.75305721695108829 0.10000 7 
 fake.rf 1440.00000000 52695.63556486927607381 0.10000 7 
 fake.rf 1440.00000000 52709.20167949379871430 0.10000 7 
 fake.rf 1440.00000000 52723.63837472353218416 0.10000 7 
 fake.rf 1440.00000000 52737.65710575735672450 0.10000 7 
 fake.rf 1440.00000000 52751.68030501136238897 0.10000 7 
 fake.rf 1440.00000000 52765.60734213438425755 0.10000 7 
 fake.rf 1440.00000000 52779.54096023500036949 0.10000 7 
 fake.rf 1440.00000000 52793.60166520786783906 0.10000 7 
 fake.rf 1440.00000000 52807.40635720158536159 0.10000 7 
 fake.rf 1440.00000000 52821.47450124121035486 0.10000 7 
 fake.rf 1440.00000000 52835.48976141172311927 0.10000 7 
 fake.rf 1440.00000000 52849.24039177442619319 0.10000 7 
 fake.rf 1440.00000000 52863.08908449940567564 0.10000 7 
 fake.rf 1440.00000000 52876.82866472590637841 0.10000 7 
 fake.rf 1440.00000000 52891.23446789226659703 0.10000 7 
 fake.rf 1440.00000000 52905.23553312549493910 0.10000 7 
 fake.rf 1440.00000000 52918.65600429502187652 0.10000 7 
 fake.rf 1440.00000000 52932.99958644021185705 0.10000 7 
 fake.rf 1440.00000000 52946.69358514822606310 0.10000 7 
 fake.rf 1440.00000000 52960.90964944206568887 0.10000 7 
 fake.rf 1440.00000000 52974.60452824828898599 0.10000 7 
 fake.rf 1440.00000000 52988.88062419940457204 0.10000 7 
 fake.rf 1440.00000000 53002.58656287141121766 0.10000 7 
 fake.rf 1440.00000000 53016.55627676369794443 0.10000 7 
 fake.rf 1440.00000000 53030.45315130839110296 0.10000 7 
 fake.rf 1440.00000000 53044.31008056151796026 0.10000 7 
 fake.rf 1440.00000000 53058.64446199747307986 0.10000 7 
 fake.rf 1440.00000000 53072.33329206839296077 0.10000 7 
 fake.rf 1440.00000000 53086.58004980115146410 0.10000 7 
 fake.rf 1440.00000000 53100.44819300828480380 0.10000 7 
 fake.rf 1440.00000000 53114.71715340943250894 0.10000 7 
 fake.rf 1440.00000000 53128.21797820111652300 0.10000 7 
 fake.rf 1440.00000000 53142.35712872176901556 0.10000 7 
 fake.rf 1440.00000000 53156.43434379496365594 0.10000 7 
 fake.rf 1440.00000000 53169.99212573442860830 0.10000 7 
 fake.rf 1440.00000000 53184.19270155153021307 0.10000 7 
 fake.rf 1440.00000000 53198.23517981046753533 0.10000 7 
 fake.rf 1440.00000000 53212.43147255778499627 0.10000 7 
 fake.rf 1440.00000000 53226.06431276807746755 0.10000 7 
 fake.rf 1440.00000000 53239.94970906354459927 0.10000 7 
 fake.rf 1440.00000000 53254.25237190815737875 0.10000 7 
 fake.rf 1440.00000000 53267.93869842326781949 0.10000 7 
 fake.rf 1440.00000000 53281.61295113455054917 0.10000 7 
 fake.rf 1440.00000000 53295.80253268978543346 0.10000 7 
 fake.rf 1440.00000000 53309.93333222344770306 0.10000 7 
 fake.rf 1440.00000000 53324.05161415469745734 0.10000 7 
 fake.rf 1440.00000000 53337.61382032704365841 0.10000 7 
 fake.rf 1440.00000000 53351.86998378396226173 0.10000 7 
 fake.rf 1440.00000000 53365.70340724137582455 0.10000 7 
 fake.rf 1440.00000000 53379.66450488151258114 0.10000 7 
 fake.rf 1440.00000000 53393.50829207003315346 0.10000 7 
 fake.rf 1440.00000000 53407.74148703944297978 0.10000 7 
 fake.rf 1440.00000000 53421.35024001354899426 0.10000 7 
 fake.rf 1440.00000000 53435.60485863668167994 0.10000 7 
 fake.rf 1440.00000000 53449.17932688984927836 0.10000 7 
 fake.rf 1440.00000000 53463.38984708616043307 0.10000 7 
 fake.rf 1440.00000000 53477.53962104050062365 0.10000 7 
 fake.rf 1440.00000000 53491.48669677809531109 0.10000 7 
 fake.rf 1440.00000000 53505.42427318269068692 0.10000 7 
 fake.rf 1440.00000000 53519.19236423113326140 0.10000 7 
 fake.rf 1440.00000000 53533.04580927373059041 0.10000 7 
 fake.rf 1440.00000000 53547.29057211687985429 0.10000 7 
 fake.rf 1440.00000000 53561.26438074412089207 0.10000 7 
 fake.rf 1440.00000000 53575.29520229715121005 0.10000 7 
 fake.rf 1440.00000000 53588.98873960782435333 0.10000 7 
 fake.rf 1440.00000000 53603.22522289110785110 0.10000 7 
 fake.rf 1440.00000000 53616.82817973428325686 0.10000 7 
 fake.rf 1440.00000000 53631.26908803311989260 0.10000 7 
 fake.rf 1440.00000000 53645.07342345571044362 0.10000 7 
 fake.rf 1440.00000000 53659.01411321825927558 0.10000 7 
 fake.rf 1440.00000000 53672.71197724717174182 0.10000 7 
 fake.rf 1440.00000000 53686.85720153578485281 0.10000 7 
 fake.rf 1440.00000000 53700.52244390410946906 0.10000 7 
 fake.rf 1440.00000000 53714.59945334773487602 0.10000 7 
 fake.rf 1440.00000000 53728.97248531527516135 0.10000 7 
 fake.rf 1440.00000000 53742.80675322518845149 0.10000 7 
 fake.rf 1440.00000000 53756.37360404326276608 0.10000 7 
 fake.rf 1440.00000000 53770.34706825840956412 0.10000 7 
 fake.rf 1440.00000000 53784.47572569959598354 0.10000 7 
 fake.rf 1440.00000000 53798.58089269549075695 0.10000 7 
 fake.rf 1440.00000000 53812.55368057625025457 0.10000 7 
 fake.rf 1440.00000000 53826.56435126335574992 0.10000 7 
 fake.rf 1440.00000000 53840.27427265985384253 0.10000 7 
 fake.rf 1440.00000000 53854.56070622745833276 0.10000 7 
 fake.rf 1440.00000000 53868.19755496180806631 0.10000 7 
 fake.rf 1440.00000000 53882.18683732336004866 0.10000 7 
 fake.rf 1440.00000000 53896.05535052089180326 0.10000 7 
 fake.rf 1440.00000000 53910.54686592576063120 0.10000 7 
 fake.rf 1440.00000000 53923.85478347971829649 0.10000 7 
 fake.rf 1440.00000000 53938.36576576754745460 0.10000 7 
 fake.rf 1440.00000000 53951.99693167994485421 0.10000 7 
 fake.rf 1440.00000000 53965.86318691599387165 0.10000 7 
 fake.rf 1440.00000000 53979.99049150114838724 0.10000 7 
 fake.rf 1440.00000000 53994.30035874127872475 0.10000 7 
 fake.rf 1440.00000000 54008.23566160073202269 0.10000 7 
 fake.rf 1440.00000000 54022.09472958893862682 0.10000 7 
 fake.rf 1440.00000000 54036.01263947959927236 0.10000 7 
 fake.rf 1440.00000000 54049.58912527171992934 0.10000 7 
 fake.rf 1440.00000000 54063.92732761208436898 0.10000 7 
 fake.rf 1440.00000000 54077.68779897490727038 0.10000 7 
 fake.rf 1440.00000000 54091.90986727888423857 0.10000 7 
 fake.rf 1440.00000000 54105.98415970728347446 0.10000 7 
 fake.rf 1440.00000000 54119.92808142351161393 0.10000 7 
 fake.rf 1440.00000000 54133.85361816760335074 0.10000 7 
 fake.rf 1440.00000000 54147.37647950032667410 0.10000 7 
 fake.rf 1440.00000000 54161.73165918814398978 0.10000 7 
 fake.rf 1440.00000000 54175.52968990749407752 0.10000 7 
 fake.rf 1440.00000000 54189.32429478549265411 0.10000 7 
 fake.rf 1440.00000000 54203.69116470663379914 0.10000 7 
 fake.rf 1440.00000000 54217.65607900797177621 0.10000 7 
 fake.rf 1440.00000000 54231.59407692720671790 0.10000 7 
 fake.rf 1440.00000000 54245.30529414474382222 0.10000 7 
 fake.rf 1440.00000000 54259.31910515970761111 0.10000 7 
 fake.rf 1440.00000000 54273.00525057077991420 0.10000 7 
 fake.rf 1440.00000000 54287.04112743490634685 0.10000 7 
 fake.rf 1440.00000000 54301.39667991775163713 0.10000 7 
 fake.rf 1440.00000000 54315.11033378215487133 0.10000 7 
 fake.rf 1440.00000000 54329.05294993583348173 0.10000 7 
 fake.rf 1440.00000000 54343.27157717379001411 0.10000 7 
 fake.rf 1440.00000000 54356.99804126691569905 0.10000 7 
 fake.rf 1440.00000000 54370.82319916518743952 0.10000 7 
 fake.rf 1440.00000000 54384.71121840251896629 0.10000 7 
 fake.rf 1440.00000000 54399.00883045483202238 0.10000 7 
 fake.rf 1440.00000000 54412.99951892282904709 0.10000 7 
 fake.rf 1440.00000000 54426.56896482340271959 0.10000 7 
 fake.rf 1440.00000000 54440.84010582593164074 0.10000 7 
 fake.rf 1440.00000000 54454.72808838051337332 0.10000 7 
 fake.rf 1440.00000000 54468.92033687755800386 0.10000 7 
 fake.rf 1440.00000000 54482.80618976954281152 0.10000 7 
 fake.rf 1440.00000000 54496.40393403292772589 0.10000 7 
 fake.rf 1440.00000000 54510.39487996963432082 0.10000 7 
 fake.rf 1440.00000000 54524.54102723246151996 0.10000 7 
 fake.rf 1440.00000000 54538.25129002493453356 0.10000 7 
 fake.rf 1440.00000000 54552.22438369985845696 0.10000 7 
 fake.rf 1440.00000000 54566.33429376120528431 0.10000 7 
 fake.rf 1440.00000000 54580.27231063380542153 0.10000 7 
 fake.rf 1440.00000000 54594.63881005400515178 0.10000 7 
 fake.rf 1440.00000000 54608.58497693695108310 0.10000 7 
 fake.rf 1440.00000000 54622.35582469664155880 0.10000 7 
 fake.rf 1440.00000000 54636.46075354977903515 0.10000 7 
 fake.rf 1440.00000000 54650.41006067633277254 0.10000 7 
 fake.rf 1440.00000000 54664.15713251376400450 0.10000 7 
 fake.rf 1440.00000000 54678.01150462555944287 0.10000 7 
 fake.rf 1440.00000000 54692.01284884844001510 0.10000 7 
 fake.rf 1440.00000000 54706.15095879282856828 0.10000 7 
 fake.rf 1440.00000000 54720.07943388613736602 0.10000 7 
 fake.rf 1440.00000000 54733.80788998819509672 0.10000 7 
 fake.rf 1440.00000000 54747.69787981956336864 0.10000 7 
 fake.rf 1440.00000000 54761.60719707560114600 0.10000 7 
 fake.rf 1440.00000000 54775.59250651748514471 0.10000 7 
 fake.rf 1440.00000000 54789.91385318714469932 0.10000 7 
 fake.rf 1440.00000000 54803.68655441787111116 0.10000 7 
 fake.rf 1440.00000000 54817.59810918759434273 0.10000 7 
 fake.rf 1440.00000000 54831.58862729600927821 0.10000 7 
 fake.rf 1440.00000000 54845.39024308210762726 0.10000 7 
 fake.rf 1440.00000000 54859.57613642772111362 0.10000 7 
 fake.rf 1440.00000000 54873.87602164971907470 0.10000 7 
 fake.rf 1440.00000000 54887.60384603355887734 0.10000 7 
 fake.rf 1440.00000000 54901.35354731679603546 0.10000 7 
 fake.rf 1440.00000000 54915.57751144248707931 0.10000 7 
 fake.rf 1440.00000000 54929.60797285249678623 0.10000 7 
 fake.rf 1440.00000000 54943.38684614209573454 0.10000 7 
 fake.rf 1440.00000000 54957.12851690831951501 0.10000 7 
 fake.rf 1440.00000000 54971.57413379893598204 0.10000 7 
 fake.rf 1440.00000000 54985.36432692656503818 0.10000 7 
 fake.rf 1440.00000000 54999.25413375665019444 0.10000 7 
 fake.rf 1440.00000000 55013.00932694628136943 0.10000 7 
 fake.rf 1440.00000000 55027.20424556624525536 0.10000 7 
 fake.rf 1440.00000000 55041.07844533416860600 0.10000 7 
 fake.rf 1440.00000000 55055.30937904139331351 0.10000 7 
 fake.rf 1440.00000000 55068.98078590349989270 0.10000 7 
 fake.rf 1440.00000000 55082.84251890935965790 0.10000 7 
 fake.rf 1440.00000000 55096.85875044792386745 0.10000 7 
 fake.rf 1440.00000000 55111.08942211519365273 0.10000 7 
 fake.rf 1440.00000000 55124.99072547625149809 0.10000 7 
 fake.rf 1440.00000000 55139.18329305054214728 0.10000 7 
 fake.rf 1440.00000000 55152.71399915811476689 0.10000 7 
 fake.rf 1440.00000000 55167.04865132539364936 0.10000 7 
 fake.rf 1440.00000000 55180.50276816025741411 0.10000 7 
 fake.rf 1440.00000000 55194.64768432820659427 0.10000 7 
 fake.rf 1440.00000000 55208.33920532750875765 0.10000 7 
 fake.rf 1440.00000000 55222.81956155854745205 0.10000 7 
 fake.rf 1440.00000000 55236.77540497144811482 0.10000 7 
 fake.rf 1440.00000000 55250.41670680725825449 0.10000 7 
 fake.rf 1440.00000000 55264.25914056948471753 0.10000 7 
 fake.rf 1440.00000000 55278.72149250027154821 0.10000 7 
 fake.rf 1440.00000000 55292.58691378088176549 0.10000 7 
 fake.rf 1440.00000000 55306.10079216092162468 0.10000 7 
 fake.rf 1440.00000000 55320.32919450473492873 0.10000 7 
 fake.rf 1440.00000000 55334.64920974322127023 0.10000 7 
 fake.rf 1440.00000000 55348.42527838048321343 0.10000 7 
 fake.rf 1440.00000000 55362.05570148867497338 0.10000 7 
 fake.rf 1440.00000000 55376.19281614858241269 0.10000 7 
 fake.rf 1440.00000000 55390.41544824169888983 0.10000 7 
 fake.rf 1440.00000000 55403.86304769337600007 0.10000 7 
 fake.rf 1440.00000000 55417.82858149167991257 0.10000 7 
 fake.rf 1440.00000000 55431.97924650176805272 0.10000 7 
 fake.rf 1440.00000000 55445.88693189482821211 0.10000 7 
 fake.rf 1440.00000000 55460.08561038496843310 0.10000 7 
 fake.rf 1440.00000000 55474.14870120981586155 0.10000 7 
 fake.rf 1440.00000000 55487.65887969987206318 0.10000 7 
 fake.rf 1440.00000000 55501.56719106705654454 0.10000 7 
 fake.rf 1440.00000000 55515.53024102544440410 0.10000 7 
 fake.rf 1440.00000000 55529.76154384945152387 0.10000 7 
 fake.rf 1440.00000000 55543.93875295509585754 0.10000 7 
 fake.rf 1440.00000000 55557.84133223920363420 0.10000 7 
 fake.rf 1440.00000000 55571.63676207440710186 0.10000 7 
 fake.rf 1440.00000000 55585.38290337233752325 0.10000 7 
 fake.rf 1440.00000000 55599.65836092344083497 0.10000 7 
 fake.rf 1440.00000000 55613.61280026896252338 0.10000 7 
 fake.rf 1440.00000000 55627.54208378922562517 0.10000 7 
 fake.rf 1440.00000000 55641.54728837480832127 0.10000 7 
 fake.rf 1440.00000000 55655.35364336606366464 0.10000 7 
 fake.rf 1440.00000000 55669.27699642816134329 0.10000 7 
 fake.rf 1440.00000000 55683.62839560730423472 0.10000 7 
 fake.rf 1440.00000000 55697.31541042109959250 0.10000 7 
 fake.rf 1440.00000000 55711.07267474095870696 0.10000 7 
 fake.rf 1440.00000000 55725.32772121830558021 0.10000 7 
 fake.rf 1440.00000000 55739.23350719363554973 0.10000 7 
 fake.rf 1440.00000000 55753.25739992674003531 0.10000 7 
 fake.rf 1440.00000000 55767.20402109520879819 0.10000 7 
 fake.rf 1440.00000000 55780.92410169834399269 0.10000 7 
 fake.rf 1440.00000000 55795.28331038270675890 0.10000 7 
 fake.rf 1440.00000000 55808.73860554942413614 0.10000 7 
 fake.rf 1440.00000000 55822.71954429592812019 0.10000 7 
 fake.rf 1440.00000000 55837.23124518357226265 0.10000 7 
 fake.rf 1440.00000000 55850.69030022428030335 0.10000 7 
 fake.rf 1440.00000000 55864.86013007187234791 0.10000 7 
 fake.rf 1440.00000000 55878.65107568657046144 0.10000 7 
 fake.rf 1440.00000000 55893.01370199089029356 0.10000 7 
 fake.rf 1440.00000000 55906.61818209702362381 0.10000 7 
 fake.rf 1440.00000000 55920.62419895420611127 0.10000 7 
 fake.rf 1440.00000000 55934.93336265490292902 0.10000 7 
 fake.rf 1440.00000000 55948.53911874496501255 0.10000 7 
 fake.rf 1440.00000000 55962.81466449100235749 0.10000 7 
 fake.rf 1440.00000000 55976.67259667528510292 0.10000 7 
 fake.rf 1440.00000000 55990.21915814995273664 0.10000 7 
 fake.rf 1440.00000000 56004.32835976743608697 0.10000 7 
